Tweet ID,Text,Likes,Retweets,Total Interactions
1310200998145687555,"Cuando sali√≥ del hospital los medios le dieron a√∫n m√°s atenci√≥n, tambi√©n aparecieron muchos impostores asegurando n‚Ä¶ https://t.co/RHa6V9bIXM",238,23,261
1310201088189116417,Pero Anna tampoco es que iba chapeando por ah√≠ y que ‚ÄúSabes los Romanov? Bueno:‚Äù m√°s bien hacia todo lo posible por‚Ä¶ https://t.co/WthXJROxCD,87,3,90
1310201103015968768,"A pesar que mucha gente estaba decidida a exponerla como impostora, muchas personas cre√≠an en ella y por eso vivi√≥‚Ä¶ https://t.co/gHTklVVyk3",91,3,94
1310201129679101952,Tambi√©n para el momento que sali√≥ del hospital ya la masacre de los Romanov era de conocimiento p√∫blico y adem√°s la‚Ä¶ https://t.co/eQtYZEvuu7,95,3,98
1310201148041818113,"Aunque Anna nunca asegur√≥ p√∫blicamente ser la princesa perdida, seg√∫n los historiadores, si admiti√≥ ser Anastasia c‚Ä¶ https://t.co/L3yulcjTYb",79,3,82
1310201194653065234,De hecho una vez un amigo de los Romanov le lleg√≥ con una Biblia que ten√≠a escrita la contrase√±a de la familia impe‚Ä¶ https://t.co/NVUcBjp4FW,77,3,80
1310201233488084994,"Pero no todo eran arrecheras, una vez una pianista √≠ntima amiga de la Zarina la visit√≥ y hablando pajita con ella c‚Ä¶ https://t.co/67WXN8m92X",80,3,83
1310201254308655109,"Pero PERO, la familia m√°s cercana de los Romanov no estaba lista para recibir con los brazos abiertos a una extra√±a‚Ä¶ https://t.co/Bkt6OtTiRS",79,4,83
1310201274516811777,"Y junto a √©l organizaron una cena con Anna para conocer a su t√≠a, pero le tendieron una trampa, la princesa Irene s‚Ä¶ https://t.co/dl16JHwPSq",74,3,77
1310201313880420354,"La cena fue un desastre, en un momento Anna se par√≥ furiosa de la mesa e Irene se le fue atr√°s acus√°ndola de impost‚Ä¶ https://t.co/teDaf5DJIY",74,3,77
1310201337699762176,"Y miren, yo s√© que con todas estas an√©cdotas ustedes deben estar como: ‚ÄúTIENE QUE SER ELLA O SEA‚Äù pero recuerden qu‚Ä¶ https://t.co/GasGYJW6K9",114,3,117
1310201360298713089,"Aj√°, cerca del d√©cimo aniversario de la masacre Anna conoci√≥ a Gleb Botkin, hijo del m√©dico de la familia que de he‚Ä¶ https://t.co/5eGEcJ0qOo",78,3,81
1310201385288372225,"En el a√±o 1928 el lugar donde enterraron a los Romanov todav√≠a era desconocido, y sin los cuerpos no pod√≠an declara‚Ä¶ https://t.co/LvjtAeGy2c",80,3,83
1310201415676162048,Mientras los rumores de la fortuna crec√≠an cada vez m√°s Gleb hizo ese peo de √©l y contrato a un abogado para ayudar‚Ä¶ https://t.co/NiprEKKzt2,85,4,89
1310201444809814017,"Bueno como ustedes se imaginar√°n, en un juicio que dur√≥ m√°s o menos lo que dur√≥ Por estas calles, pas√≥ de toda vain‚Ä¶ https://t.co/FYmI1JpM3M",97,3,100
1310201462849503234,Por ejemplo el mismo graf√≥logo que analiz√≥ el diario de Anne Frank determin√≥ que la letra de Anastasia y la de Anna‚Ä¶ https://t.co/BmpKXLCcQ8,84,3,87
1310201488296292353,"Pero la realeza ten√≠a una prueba igual de contundente: Franziska Schanzkowska, una trabajadora polaca que tras un a‚Ä¶ https://t.co/s9sQPbHCi5",68,3,71
1310201503236399105,Y el hermano de esta supuesta Franziska asegur√≥ reconocerla como su hermana pero igual se neg√≥ a firmar ning√∫n docu‚Ä¶ https://t.co/k2MKuLoJWQ,83,3,86
1310201519120289792,"Y nada, en el a√±o 1970 la suprema corte alemana se hart√≥ de este peo y dio el caso por cerrado b√°sicamente declaran‚Ä¶ https://t.co/rYvveVcLua",137,8,145
1310201542826504193,"A partir de aqu√≠ Anna se mud√≥ a USA, se cas√≥ y vivi√≥ una vida s√∫per exc√©ntrica hasta 1984 que bueno, se muri√≥. üëèüèª y‚Ä¶ https://t.co/TNlaLSwxdk",83,4,87
1310201571108704258,"MENOS LOS CUERPOS DE ANASTASIA Y ALEXEI, y por un  momento todo el mundo se puso el sombrero de papel de aluminio p‚Ä¶ https://t.co/dtNp1wYDEs",89,3,92
1310202247322705920,"HASTA que llegaron las pruebas de ADN donde confirmaban a los cuerpos de la fosa como los Romanov, ese ADN lo compa‚Ä¶ https://t.co/Y702L8HDxx",116,6,122
1310202628413050881,"Luego en el 2007 finalmente encontraron los cuerpos que faltaban, Anastasia y Alexei. Adjunto mis declaraciones sob‚Ä¶ https://t.co/f9EiP0JNsb",113,3,116
1310203011759775745,A√∫n as√≠ la iglesia ortodoxa rusa se niega a reconocer a estos dos √∫ltimos cuerpos como los de los ni√±os imperiales‚Ä¶ https://t.co/qg3lBruocw,85,3,88
1310203782744113153,"Y ya, esa fue la historia de la mejor impostora antes de que saliera Among us, disc√∫lpenme la tardanza, y recuerden‚Ä¶ https://t.co/vOEERLUUXZ",321,9,330
