Tweet ID,Text,Likes,Retweets,Total Interactions
1297962799407259650,Se me callan porque voy a contar la verdadera historia de la pel√≠cula que vimos una sola vez pero nos traumatiz√≥ pa‚Ä¶ https://t.co/UFmjCLbFR1,835,232,1067
1297962819892195331,Pd: ok yo s√© que no les voy a arruinar la infancia contando Bambi porque aj√° ese trabajo ya lo hizo Disney; Pero ig‚Ä¶ https://t.co/uquIeR0hDV,72,7,79
1297962838703706112,"Bueno, la pel√≠cula que ha traumatizado a todas las generaciones de ni√±os desde el a√±o 1942, est√° basada en una nove‚Ä¶ https://t.co/XOSyJPMSwj",65,6,71
1297962860027482114,"Ah y por cierto. Esa novela de F√©lix Salten no era una novela para ni√±os, no no, era una novela para adultos. Enton‚Ä¶ https://t.co/ybWycQagkk",77,5,82
1297962884182482946,"El libro de Bambi es b√°sicamente Boyhood pero con animalitos, siguen la historia de un cervatillo desde que nace ha‚Ä¶ https://t.co/nSEd971TRU",75,7,82
1297962900934610952,"Nuestra historia comienza con la mam√° de Bambi tray√©ndolo al mundo durante el verano, y bueno nada, le ense√±a las v‚Ä¶ https://t.co/844IJYicfo",107,7,114
1297962915471986691,"Cuando ella considera que ya Bambi est√° grandecito, lo lleva al claro del bosque, donde en la adaptaci√≥n de Disney‚Ä¶ https://t.co/oZCp0DSKzb",68,6,74
1297962931322322950,"As√≠ que en vez de conocer a sus amiguitos, ve como matan a un rat√≥n justo delante de √©l y escucha como todos los an‚Ä¶ https://t.co/mhHmcVpxY6",205,6,211
1297962954906894336,Sin contar con que la mam√° de Bambi estaba s√∫per estresada porque en cualquier momento pod√≠an venir los cazadores r‚Ä¶ https://t.co/QOny46v8DA,87,7,94
1297962979732987908,"A pesar de todos los peligros que implicaba para ellos, siempre ten√≠an que ir a ese claro, porque que s√© yo, a lo m‚Ä¶ https://t.co/kvYvjZcuz8",99,6,105
1297963000108900354,"Mientras est√°n en su peque√±a reuni√≥n familiar, aparecen en el claro (como por dos minutos y ya.) ‚Äúlos principes‚Äù qu‚Ä¶ https://t.co/sn0W1XI1oa",77,6,83
1297963023131435009,"Mientras Bambi crece su madre lo empieza a dejar solo cada vez m√°s para que sea independiente, pero Bambi era muy m‚Ä¶ https://t.co/98yxkcztri",74,6,80
1297963036452499464,"El onvre, que era un maldito, al ver a Bambi inmediatamente le apunta con su arma. Bambi huye por su vida y eventua‚Ä¶ https://t.co/EcKJMzCGCo",107,5,112
1297963046552436736,"De aqu√≠ en adelante Bambi se acostumbra un poco a estar solo, pero llega el invierno y con el all√° temporada de caz‚Ä¶ https://t.co/unyiVfa7Kh",67,5,72
1297963059005272064,"Un d√≠a mientras Bambi estaba solo, escuch√≥ lo que el pens√≥ que era un trueno y bueno, paso lo que nos marc√≥ para si‚Ä¶ https://t.co/BmXCRhZHNd",112,8,120
1297963072905261058,Despu√©s de este co√±azo la historia de Bambi salta unos a√±os y lo encontramos como un adulto j√≥ven con su primera co‚Ä¶ https://t.co/xIv7pCbAzq,140,9,149
1297963091918036992,"Despu√©s de un tiempo chanceando con la chamyta, Bambi escucha que lo llama a trav√©s del bosque y que ‚ÄúBambiii tengo‚Ä¶ https://t.co/JoDLkP2gx3",96,5,101
1297963107478798336,Mientras iba en camino el gran Ciervo que era su papa lo intercepta y le dice que los onvres son capaces de imitar‚Ä¶ https://t.co/balwKLLQqJ,72,5,77
1297963123136237579,"A partir de ese momento Bambi empieza a ghostear a Faline y a pasar la mayor√≠a del tiempo solo, o con su padre que‚Ä¶ https://t.co/fFcMSkhGDS",64,6,70
1297963619251113985,Eventualmente un onvre le pega un tiro a Bambi üòî pero su pap√° el principe aparece m√°gicamente y le dice que corra e‚Ä¶ https://t.co/IfldAyERTK,66,6,72
1297964270450356226,Cuando Bambi se sinti√≥ lo suficientemente fuerte su padre lo llev√≥ a dar un paseo por el bosque y le ense√±√≥ el cada‚Ä¶ https://t.co/3sCR1b5BjN,67,6,73
1297965002524168193,"Y ya esa fue la historia de Bambi, la pel√≠cula que m√°s nunca volveremos a ver. Pero recuerden ni√±itos no anden por‚Ä¶ https://t.co/YsXljNTevQ",238,14,252
