Tweet ID,Text,Likes,Retweets,Total Interactions
1315825020481011713,"Se me callan, porque @la_zurrapa dijo que me estaba esperando y ya saben c√≥mo es, a las mujeres embarazadas hay que‚Ä¶ https://t.co/DdTSvWSRhB",443,92,535
1315825079624896513,"Este tweet de mierda fue un problema t√©cnico que tuve en el hilo y no pude borrar. Pero bueno, contin√∫en, don‚Äôt min‚Ä¶ https://t.co/xe7bQ0rCoe",50,1,51
1315825288727715840,"La pel√≠cula (INCRE√çBLE) de The road to El Dorado que probablemente ya viste y sino: ¬øqu√© est√°s esperando, ah? No es‚Ä¶ https://t.co/HqIuatYFrf",58,2,60
1315825327650861056,"Por cierto,  la m√∫sica de esta pel√≠cula es buen√≠sima, o sea tiene nada menos que a Sir Elton John y a Hans Zimmer,‚Ä¶ https://t.co/TE0ukjYkoo",70,3,73
1315825375948288007,"Bueno, la pel√≠cula es m√°s que todo una historia original, que agarra ciertos elementos hist√≥ricos y nos cuentan lo‚Ä¶ https://t.co/fvtDPZ5g7l",57,3,60
1315825399683784705,"Esto lo estrenaron en el a√±o 2000, y para ese entonces los guionistas no se quemaron mucho el coco y tomaron un poc‚Ä¶ https://t.co/C1KWwNhaAQ",47,3,50
1315825428985262080,"Apartando esas imprecisiones, la pel√≠cula est√° basada en La leyenda del Dorado, ¬øqui√©n lo habr√≠a imaginado, verdad?‚Ä¶ https://t.co/gMeuH2trHg",45,2,47
1315825455442821121,"Bueno cuando el se√±or Crist√≥bal Col√≥n de gasolina lleg√≥ a America, por ah√≠ cerca de la primera comuni√≥n de JVR. Vin‚Ä¶ https://t.co/C31AGf36u0",88,3,91
1315825482080940033,"Y a ver, un poco la promesa de dejar tu vida en Europa y venir a este continente salvaje era la de HAZTE MILLONARIO‚Ä¶ https://t.co/M7ZD7i7ZUc",51,2,53
1315825502884564993,"Y cada vez llegaban m√°s y m√°s historias de las riquezas de America, y una de las m√°s famosas fue la leyenda del Dor‚Ä¶ https://t.co/8KWQN6dDVK",60,4,64
1315825519414345728,"Y obviamente nunca consiguieron un co√±o porque no existi√≥ nunca ü§∑üèª‚Äç‚ôÄÔ∏è entonces t√∫ me dir√°s, ni Mandrake. Pero PERO,‚Ä¶ https://t.co/zge8mFi75b",46,2,48
1315825537370279936,"RESULTA. Que ‚ÄúEl Dorado‚Äù nunca se refiri√≥ a un lugar, ‚ÄúEl Dorado‚Äù hac√≠a referencia a una persona. Espec√≠ficamente a‚Ä¶ https://t.co/2dnTPyDnTj",59,4,63
1315825547734396928,El ritual del indio dorado ten√≠a lugar en la laguna de Guatavita. Esta laguna para los Muiscas era muy importante p‚Ä¶ https://t.co/SQuaTZM7e6,49,5,54
1315825562397675526,Ver√°n. Para los Muiscas el oro no ten√≠a el valor monetario que ten√≠a para los espa√±oles. Para los Muiscas el oro re‚Ä¶ https://t.co/ti6ylShi8P,54,4,58
1315825587995508736,El ritual era b√°sicamente una iniciaci√≥n para el nuevo cacique de la tribu. Lo montaban en una balsa con un poco de‚Ä¶ https://t.co/JJrxgMDcvX,57,4,61
1315825608635621377,"Entonces el cacique se met√≠a en la laguna y cuando llegaba al centro, lanzaba esa verga al agua y bueno, se convert‚Ä¶ https://t.co/IS09NCBrKa",56,3,59
1315825633876901889,"Y bueno por 300 a√±os distintos onvres trataron de encontrar no solo la ciudad EL DORADO, sino que quisieron encontr‚Ä¶ https://t.co/8eK4a5Ep7e",57,4,61
1315826174564630534,"Y ya, esa fue la historia del Dorado ‚ú® Recuerden ni√±itas, no todo lo que brilla es oro, a veces es un hombre lleno‚Ä¶ https://t.co/aAuDmBNLwq",123,8,131
