Tweet ID,Text,Likes,Retweets,Total Interactions
1269744949853028354,Se me callan porque no tengo televisi√≥n ni internet; as√≠ que a petici√≥n del pueblo ¬π les vengo a contar la verdader‚Ä¶ https://t.co/L8G6uq2rXx,1196,392,1588
1269744962062749697,"La historia s√∫per linda de Disney que conocemos con la princesa Aurora, mal√©fica y las hadas tias de whatsapp, est√°‚Ä¶ https://t.co/0HnhRSSiLY",164,10,174
1269744965250318336,"Hay que aclarar que este cuento  incluso para el momento que fue escrito, era bastante grotesco as√≠ que fue version‚Ä¶ https://t.co/Uq9pNvwZWJ",134,7,141
1269747394406567936,"Nuestra historia comienza en un reino muy lejano donde un Rey y una Reina despu√©s de mucho tiempo de infertilidad,‚Ä¶ https://t.co/SjOYhjswmj",120,6,126
1269748748508450818,PEDIRLE UNA PREDICCI√ìN DE SU FUTURO A LOS SABIOS. Los sabios le dijeron que su princesa corr√≠a un grave peligro de‚Ä¶ https://t.co/hh66LHBkR7,262,8,270
1269751139458834433,"Esta primera parte de la historia es bastante parecida a la de Disney,  como ya saben la caraja se mete una rumba e‚Ä¶ https://t.co/vLKigflWHI",178,6,184
1269751156189822981,"Los padres de Tal√≠a, desconsolados, no pueden permitirse la idea de enterrarla. As√≠ que la maquillan, la visten, la‚Ä¶ https://t.co/epx062quIB",134,7,141
1269756430707503111,Pasan 100 a√±os y la princesa contin√∫a dormida en el castillo abandonado sin que nadie la perturbe. Hasta que un d√≠a‚Ä¶ https://t.co/fcjtN0AjUw,153,6,159
1269756458993881088,"Encuentra a la hermosa Tal√≠a durmiendo profundamente, aquel hombre se puso como Yeison de Guasdualito y empez√≥ a tr‚Ä¶ https://t.co/LF8aCARusw",148,6,154
1269757714600771588,"De este evento, Tal√≠a queda embarazada y 9 meses despu√©s da a luz a gemelos üôÉüî•todo esto mientras est√° dormida. Cuan‚Ä¶ https://t.co/0yUrofP9Yz",274,10,284
1269759248868806656,"Los gemelos nacen y son un ni√±o y una ni√±a, llamados sol y luna porque seguro se copiaron de nuestra Sascha, la gen‚Ä¶ https://t.co/O8sjwbFVWk",191,10,201
1269761475087908864,"Bueno Tal√≠a se despierta, como de la peor pea de su vida despu√©s de 100 a√±os y madre de gemelos. Por otro lado el R‚Ä¶ https://t.co/ZiUabyrYXL",223,9,232
1269763181196517376,"El maldito llega al castillo otra vez como Yeison y se encuentra a Tal√≠a con sus dos hijos (incomodo), Pero el cara‚Ä¶ https://t.co/GhoYbvtTz1",163,7,170
1269765789109936130,"Y as√≠ paso un tiempo, el carajo con su esposa en el reino durante la semana y con Tal√≠a y los morochos los fines de‚Ä¶ https://t.co/TwWPjyCmu3",149,7,156
1269767322488778752,Bueno la caraja en vez de maletear al marido la agarra contra la otra y manda a un sicario a que le traigan al cast‚Ä¶ https://t.co/brTJMEXhQ6,126,8,134
1269769718258380801,Esa noche la Reina le sirve al rey dos pasteles de carne y le dice ‚Äúte est√°s comiendo lo que es tuyo‚Äù  y el rey com‚Ä¶ https://t.co/51NHb0OwRe,139,9,148
1269771295140515840,"Luego La Soraya se dirige a encargarse de Tal√≠a, para esto ella prepara una hoguera ( o una caldera hirviendo con s‚Ä¶ https://t.co/gkYRdMgeFp",119,6,125
1269772575237947395,La Soraya se queda como ??? Y Tal√≠a le dice ‚Äúsi es que no quiero que se me da√±e el vestido que compre en Zara‚Äù y So‚Ä¶ https://t.co/UJNJLVzHVi,172,7,179
1269774135758065664,Con esa gritadera el rey escuch√≥ y entr√≥ al cuarto de la hoguera/caldera a ver que era lo que estaba pasando. El ma‚Ä¶ https://t.co/6tlI3vq2iX,173,11,184
1269775542267662339,"Pero ah√≠ entr√≥ el cocinero y le dice ‚Äúpues no mi reina, a mi me dio mucha cosita matar a esos pelaos y les puse car‚Ä¶ https://t.co/3BwoqlZ3Ar",188,7,195
1269776857391652865,"Y as√≠ Tal√≠a, sol, luna y el rey violador viven felices para siempre (???) https://t.co/UNQzcgWNCo",188,7,195
1269776870142328835,Bueno ese fue el final de nuestra historia y recuerden amiguitos si la princesa (c√°llate Chyno) no puede decir que‚Ä¶ https://t.co/WSR9GNI2u9,307,18,325
1269777501724782598,Pd: perd√≥nenme por tener que esperar por la historia pero lo mand√© sin querer como una estupidA antes de terminarlo‚Ä¶ https://t.co/wEW9wQCblc,226,8,234
