Tweet ID,Text,Likes,Retweets,Total Interactions
1274428707340509184,Aj√° se me callan porque ayer escrib√≠  este hilo y se me borr√≥ todo ü§° pero el mundo no se puede acabar sin que yo cu‚Ä¶ https://t.co/lsATQcOV41,1873,618,2491
1274428719340322824,"Como ustedes ya saben los autores antes escrib√≠an, re-escrib√≠an, publicaban y re-publicaban las historias como si f‚Ä¶ https://t.co/GHDSHjYZVL",198,19,217
1274428730539159557,"De todas las adaptaciones de Disney esta quiz√°s es la m√°s fiel a la original, incluso en mi opini√≥n muy mia propia‚Ä¶ https://t.co/E7gIMpRqf7",266,11,277
1274428808423247873,"En la pel√≠cula Bella viv√≠a con su padre, que era un viejito loco y ya, pero en la versi√≥n original Bella era hija d‚Ä¶ https://t.co/PCySt3wMuS",206,10,216
1274428939910422534,"Durante La Cuarta ‚Ñ¢ los hermanos mayores de Bella se acostumbraron a un estilo de vida bastante ostentoso de joyas,‚Ä¶ https://t.co/mI65ATcP4J",214,13,227
1274428959388774402,Pero luego lleg√≥ la ideolog√≠a pol√≠tica la cual no voy a mencionar que empieza por ‚ÄúCH‚Äù y al padre de Bella le expro‚Ä¶ https://t.co/tiiii7i2FN,180,11,191
1274429008915181574,Las hermanas de Bella que eran un poco malcriadas estaban 0 contentas con este cambio y estaban haciendo todo lo po‚Ä¶ https://t.co/u1wRrWLZtL,162,12,174
1274429029198843904,"Un d√≠a, le llega el chisme al pap√° de Bella que uno de sus barcos con mercanc√≠a que hab√≠a dado por perdido hab√≠a ll‚Ä¶ https://t.co/WMoaDfyCSL",146,10,156
1274429042184388609,"Mientras los dem√°s ya estaban pidiendo cr√©ditos para apartamentos en el Brickell, Bella, que ya hab√≠a tenido sufici‚Ä¶ https://t.co/mQHEGO0Iwb",148,10,158
1274429072924344320,As√≠ que el padre de Bella luego de 6 meses lleg√≥ al puerto solo para enterarse que aduana le hab√≠a tomado el barco‚Ä¶ https://t.co/RzWYlksB0i,149,12,161
1274429101441462273,"Muy decepcionado emprende el viaje de regreso a la casita del campo, pero como los hombres prefieren morirse antes‚Ä¶ https://t.co/wqcYftQJul",245,12,257
1274429266248245249,Que no s√© cu√°l era esa mala costumbre de los personajes de cuentos de hadas de meterse como Pedro por su casa en pr‚Ä¶ https://t.co/FCtQQDsD56,363,22,385
1274429326008766464,"Pero me desv√≠o, bueno el carajo entra al palacio, s√∫per lujoso por cierto, y se sienta en un sof√° a esperar que alg‚Ä¶ https://t.co/JdU5rzaVek",181,11,192
1274429343637307395,Al se√±or le pareci√≥ un poco rara la cosa pero igual se jart√≥ la vaina y luego fue a explorar el palacio en b√∫squeda‚Ä¶ https://t.co/J6VP6aCZTV,137,11,148
1274429402558930944,Bueno a la ma√±ana siguiente el viejo se despierta y ve otra vez la comidita servida y piensa: ‚ÄúCo√±o que manguangua‚Ä¶ https://t.co/SbvLI7IoqE,160,11,171
1274429508419026945,"Cuando iba saliendo vio en el jard√≠n un hermoso rosal y se acord√≥ del regalo de Bella, as√≠ que hizo lo que hacen to‚Ä¶ https://t.co/jCgRSePRGY",312,22,334
1274429530439135235,"En eso escuch√≥ un rugido terrible y al darse la vuelta vio una bestia gigante, peluda y arrecha que le dijo: ‚ÄúNOJOD‚Ä¶ https://t.co/TF9ATjJpH1",263,21,284
1274429542065635328,"El se√±or, un poco aliviado que la bestia no se enter√≥ de sus planes de invadirle el palacio si se puso as√≠ por una‚Ä¶ https://t.co/vtwifMWWIz",124,10,134
1274429590665080834,"La Bestia le dijo algo como: ‚ÄúPERD√ìN NADA CHICO, ahora debes traerme a una de tus hijas‚Äù y le dio un caballo m√°gico‚Ä¶ https://t.co/OGnE7sivkk",167,10,177
1274429674635046913,"Otro detalle importante es que la bestia le dijo que no pod√≠a mentirle a sus hijas, es decir, la que viniera tendr√≠‚Ä¶ https://t.co/ItV1pqveWx",152,11,163
1274429719430287362,De esta forma el pap√° de Bella regresa a la casita del campo con las malas noticias que no solo no hab√≠a recuperado‚Ä¶ https://t.co/bxg8MuV4W2,149,12,161
1274429834563858443,Los hermanos de Bella estaban planeando la mejor forma de ir y matar a la bestia y las hermanas le echaban la culpa‚Ä¶ https://t.co/dBfkQ9eQhF,173,16,189
1274429855493492736,Bella le dijo a sus hermanos ‚ÄúQu√© van a estar matando ustedes ninguna bestia nada si usan mocasines sin medias??‚Äù Y‚Ä¶ https://t.co/iwhzuMwocZ,226,12,238
1274429880944517121,"Su pap√° trato de convencerla de lo contrario pero ya la decisi√≥n estaba tomada, as√≠ que Bella recogi√≥ todos sus mac‚Ä¶ https://t.co/jmYdz6YDpM",120,11,131
1274429959642234880,"Al llegar al palacio la bestia los recibi√≥ con unos traguitos y los invit√≥ a pasar, Bella estaba aterrada pero hizo‚Ä¶ https://t.co/UJlG3uu4ne",199,11,210
1274431849360699392,Aja bueno hicieron una visita ah√≠ un rato bien incomoda y bien rara hasta que la bestia le dijo a Bella ‚ÄúDesp√≠dete‚Ä¶ https://t.co/CVOfJzcMdw,138,12,150
1274431894873083904,"Y as√≠ Bella qued√≥ en ese palacio encerrada sin mucho que hacer, como si estuviera en alg√∫n tipo de cuarentena, afor‚Ä¶ https://t.co/YRYsZytFli",191,12,203
1274433802199236610,"Durante el d√≠a la bestia la dejaba hacer bastante lo que le daba la gana, pero todas las noches iba a la habitaci√≥n‚Ä¶ https://t.co/3MjepQ0LUA",291,15,306
1274433814773800967,"Tambi√©n durante todas las noches Bella empez√≥ a so√±ar con un apuesto principe que le dec√≠a ‚ÄúTe puedo hacer feliz, n‚Ä¶ https://t.co/Zao0kcjRCh",183,12,195
1274437254442881027,"A pesar de todos los lujos y comodidades del palacio Bella empez√≥ a extra√±ar mucho a su padre y sus hermanos, y una‚Ä¶ https://t.co/K8byXfV2yR",130,10,140
1274437268665761797,"Esto entristeci√≥ a la bestia pero quer√≠a hacerla feliz, as√≠ que le dio un anillo m√°gico y le dijo que para ir a su‚Ä¶ https://t.co/EjJF6TaoxX",169,10,179
1274437283022864385,"Entonces Bella gir√≥ el anillo y a la ma√±ana siguiente despert√≥ en su casa, su pap√° ni sus hermanos no lo pod√≠an cre‚Ä¶ https://t.co/Ny15a8XVwi",128,8,136
1274441627407388672,Aja bueno todos los d√≠as Bella pensaba en girar el anillo para regresar al palacio pero siempre lo postergaba un po‚Ä¶ https://t.co/4l2m9d0Lmd,141,8,149
1274441644713140236,"Hasta que una noche Bella so√±√≥ de nuevo con el apuesto principe pero esta vez estaba herido de muerte en una cueva,‚Ä¶ https://t.co/qtlB0cbuKd",149,9,158
1274441659032514560,"Cuando Bella regres√≥ al palacio no encontr√≥ a la Bestia ni al principe en ninguna parte, sali√≥ a los jardines y enc‚Ä¶ https://t.co/KB0mK45CJA",137,8,145
1274441672735285250,"Bella le dijo que no pod√≠a morir porque ella lo amaba, ah√≠ se enter√≥ que la bestia no comi√≥ ninguno de los d√≠as en‚Ä¶ https://t.co/xvPMuhSbGx",162,9,171
1274441685276254212,"Luego BAIA BAIA QUE SORPRESA, no entr√≥ ella bestia al palacio sino el principe de los sue√±os de Bella *preteds to b‚Ä¶ https://t.co/mTms9GPIZz",158,10,168
1274444068693606400,Bonus track: Quiz√°s esta historia est√° basada en una pareja real que vivi√≥ dos siglos antes que se escribiera esta‚Ä¶ https://t.co/NnijBNkwYj,166,11,177
1274444079112257537,"Petrus fue regalado como un animalito enjaulado a Henry II de Francia, pero el prefiri√≥ educarlo como una persona n‚Ä¶ https://t.co/7WuddJOcqn",132,15,147
1274444083054940160,"Lo que me gustar√≠a decir es que, dejemos de ser tan estupidos, y dejar de juzgar a las personas solo porque su apar‚Ä¶ https://t.co/hO0vIUwVa3",560,35,595
