Tweet ID,Text,Likes,Retweets,Total Interactions
1284708752504115206,Se me callan porque antes de que vengan a grafitearme la casa voy a contarles la historia original de la primera mu‚Ä¶ https://t.co/TCzPxtun1a,2024,542,2566
1284708781570568193,"Si naciste en los 90‚Äôs probablemente est√° sea una de tus pel√≠culas favoritas, y en alg√∫n momento cuando el coronavi‚Ä¶ https://t.co/vHHIBhf4zA",285,21,306
1284708793423663104,"Disclaimer: la raz√≥n por la cual no aparecer√°, es porque para la cultura china los dragones son criaturas sumamente‚Ä¶ https://t.co/DiSTXGFbu9",234,20,254
1284708803682983936,"Aj√°, bueno la adaptaci√≥n de Disney est√° basada en una canto del siglo V que se llamaba ‚ÄúLa balada de Mul√°n‚Äù y en es‚Ä¶ https://t.co/CxURnpRzIS",201,9,210
1284708818023337984,"Bueno, la historia empieza cuando un d√≠a mientras Mul√°n estaba lavando la ropa, ba√±√°ndose y haciendo una pasta porq‚Ä¶ https://t.co/hPGJnaBc8Y",172,9,181
1284708832548200448,"Fun fact: En Disney, Mul√°n era hija √∫nica pero m√°s o menos hacen referencia a su hermanito con este perrito que se‚Ä¶ https://t.co/K2OzkWWkwD",164,11,175
1284708846536216577,"Como en la pel√≠cula de Disney, la caraja sencillamente no iba a permitir que su pap√° ni su hermanito fueran a la gu‚Ä¶ https://t.co/mzT0RU0FaI",168,10,178
1284708860419354624,"As√≠ que la cosa no fue como la puso Disney que huy√≥ y vaina porque: ‚Äúdrama"" M√°s bien su mam√° le hizo unas arepitas‚Ä¶ https://t.co/WBG9ATegvq",220,12,232
1284708873425883137,"Mul√°n se va al ej√©rcito, y aunque Disney te resuma todo ese tiempo en los tres minutos que dura la canci√≥n ‚ÄúHombres‚Ä¶ https://t.co/xHQBQMjTqe",370,24,394
1284708890404368384,"Seg√∫n la leyenda, Mul√°n fue capturada y tomada como prisionera por el rey enemigo, pero cuando la hija del rey la i‚Ä¶ https://t.co/8R6CvZYMjL",288,17,305
1284708902697873409,"Eventualmente a este rey lo joden y lo condenan a morir, Mul√°n le ofrece al emperador su propia vida a cambio de la‚Ä¶ https://t.co/ucX6RGhBaE",133,8,141
1284708913816928257,"En fin, Mul√°n rechaza todos los honores y solo le pide al emperador un Ford Fiesta para regresar a su casa, cuando‚Ä¶ https://t.co/3Ty1tubrWf",189,10,199
1284708928035737601,Epa epa yo s√© que la cosa pinta bien hasta ahora pero no se emocionen que todos los cuentos de hadas son como el 20‚Ä¶ https://t.co/clTUggr8rX,161,9,170
1284708938483728386,"Bueno, cuando Mul√°n llega a su pueblo despu√©s de tantos a√±os, se entera que su pap√° muri√≥ üòî que su mam√° se volvi√≥ a‚Ä¶ https://t.co/MAeLNcJvy8",162,9,171
1284708950181646336,Como comprender√°n esto fue un golpe muy arrecho para Mul√°n porque se dio cuenta que todo su sacrificio de fingir qu‚Ä¶ https://t.co/uvfmjOLHV0,207,8,215
1284708969999630338,"Y bueno, nada :( As√≠ termina la corta historia de Mul√°n, esperemos que el live-action tenga un final m√°s bonito. Y‚Ä¶ https://t.co/348JMtdG13",452,28,480
