Tweet ID,Text,Likes,Retweets,Total Interactions
1282508717909594117,"Miren se me callan que como dicen los influencers de Instagram, muchos de ustedes (4 personas en realidad) me han p‚Ä¶ https://t.co/mFlVMEwxCZ",1993,586,2579
1282508737274683392,"La historia de Disney, que ya de por s√≠ fue bastante traum√°tica para mi a mis cortos no s√©, 5 a√±os de vida, wtf‚Ä¶ https://t.co/fapdgdSK42",130,12,142
1282508755901517826,"Estas historas empezaron a publicarse con el nombre de ‚ÄúLa storia di un burattino‚Äù en 1881, y despu√©s de 15 cap√≠tul‚Ä¶ https://t.co/53rgdzZaRa",132,12,144
1282508765888237573,"Bueno, antes la gente no ten√≠a tiempo para cosas como la psicolog√≠a infantil as√≠ que el objetivo de Pinocho y mucha‚Ä¶ https://t.co/XbGbXXZZIO",156,13,169
1282508780983455750,"La historia comienza en La Toscana cuando el carpintero Cereza (as√≠ se llamaba el carajo, no me pregunten) empez√≥ a‚Ä¶ https://t.co/O4gPOjois3",239,14,253
1282508793616752641,Obviamente el maestro Cereza se cag√≥ e hizo lo que hice yo de peque√±a con unas mu√±ecas que me daban miedo luego de‚Ä¶ https://t.co/YAdB127GZt,136,11,147
1282508958457044998,"Bueno Geppetto toma el regalo  y empieza a tallar un peque√±o ni√±o de madera, al que llamo Pinocchio y no hab√≠a term‚Ä¶ https://t.co/vE7sZ8L9D7",114,10,124
1282508980615557125,"Tan pronto Geppetto le tall√≥ un par de piernas el carajo le dio una patada en las canillas, y tan pronto Geppetto l‚Ä¶ https://t.co/51ZEX61VQL",257,12,269
1282509029214957568,"Cuando Pinocho llega a la ciudad con Geppetto detr√°s tratando de alcanzarlo, un polic√≠a lo detiene e inmediatamente‚Ä¶ https://t.co/g7Itr2YJyZ",90,9,99
1282509052858322944,"Sin remordimiento Pinocho regresa a la casa de Geppetto para comerse alguito, cuando llega se encuentra con Pepe Gr‚Ä¶ https://t.co/cMlUGMKtA1",178,13,191
1282509067957698561,"Luego del asesinato, empez√≥ a llover y como Pinocho hac√≠a lo que le daba la gana, se fue a ba√±ar en la lluvia porqu‚Ä¶ https://t.co/Xy7cSnGAtU",118,9,127
1282509092230225920,"Cuando despert√≥ no solo ya no ten√≠a los pies mojados, YA NO TEN√çA PIES ü§°. Por su parte Geppetto lo sueltan de la ca‚Ä¶ https://t.co/6HZaehmeZz",165,10,175
1282512777496666112,"Total que Geppetto llega a su casa, con su roomie grillo estripado en la pared, la estufa prendida a toda mecha, su‚Ä¶ https://t.co/a1nyhqhXxI",177,13,190
1282513059714674688,Pero al fin y al cabo Pinocho es su hijo as√≠ que Geppetto le hace unos pies nuevos. Pinocho se disculpa y que:  tal‚Ä¶ https://t.co/auJilknAML,233,13,246
1282513810230837250,"A la ma√±ana siguiente cuando Pinocho estaba en camino a la escuela, se encontr√≥ al gran teatro de marionetas y como‚Ä¶ https://t.co/bx0bppVfhh",127,9,136
1282514246497075200,Dentro del teatro las marionetas lo reconocieron como uno de ellos y le gritaron ‚ÄúCOMO TA LA VAINA PAISANO JEJE CO√ë‚Ä¶ https://t.co/IT2FpeZnjw,147,10,157
1282514627222556672,Pero Pinocho era muy h√°bil y le meti√≥ una labia toda loca a Mangiafuoco y que ‚ÄúNo tal que yo que mi papa y verga‚Äù y‚Ä¶ https://t.co/BPKCFOAFOZ,127,10,137
1282514921117417473,En el camino a su casa Pinocho se consigue a dos ‚Äúemprendedores‚Äù un gato y un zorro que le aseguran que si va al va‚Ä¶ https://t.co/ec9fQ9Bc4j,183,13,196
1282515177565556744,"Pinocho queda con el gato y el zorro en verse en El Valle de Forex, as√≠ que Pinocho llega, planta las monedas y mie‚Ä¶ https://t.co/l6W5mz8WWn",109,10,119
1282515438673498112,¬øC√≥mo? ¬øLos emprendedores de Forex en verdad eran estafadores? ¬øNo existen los √°rboles de la abundancia? PLOT TWIST https://t.co/QgkEeaR8Ai,285,16,301
1282519354328920064,"Aqu√≠ fue donde Collodi quer√≠a dejar la historia, con Pinocho ahorcado y que se joda, pero sus editores le dijeron a‚Ä¶ https://t.co/IYqbBEq3wF",139,9,148
1282519714951057408,Aqu√≠ Pinocho hizo lo que mejor saben hacer los gobiernos comunistas: Mentir. Y la nariz le creci√≥ tanto que se la m‚Ä¶ https://t.co/UorS8V5EMb,163,9,172
1282520033235804161,"El hada madrina adem√°s, burda de linda, le ofrece a Pinocho que el y su padre pod√≠an mudarse con ella en una casita‚Ä¶ https://t.co/tN2IKXSWpZ",110,8,118
1282520330658095104,Bueno Pinocho llega a la comisar√≠a y cuenta lo que le pas√≥. En ese momento los oficiales que literalmente en la his‚Ä¶ https://t.co/derDqOx9Un,135,8,143
1282520636796088322,Luego de pagar su tiempo en prisi√≥n Pinocho regresa a la casita del campo donde se supone que deb√≠an estar el hada‚Ä¶ https://t.co/2HoU2kTV62,95,7,102
1282521393737891840,"Mientras Pinocho llora en la tumba del hada madrina, se le acerca, y me perdonan el chinazo, una paloma amigable qu‚Ä¶ https://t.co/fCKcDUYFjU",107,9,116
1282522201640579072,"Bueno Pinocho se monta en la paloma, perd√≥n, y lo lleva a la playa, para el momento en el que llegan ya Geppetto es‚Ä¶ https://t.co/8zp8MmeQjU",114,8,122
1282523061468770304,Aqu√≠ Pinocho se queda como bueno y ahora?? As√≠ que hace como Dory y sigue nadando hacia una isla que no recuerdo bi‚Ä¶ https://t.co/PxAbIR0Lev,179,10,189
1282523952108183553,A Pinocho no le queda m√°s remedio que adaptarse y empieza a trabajar para una se√±ora que result√≥ ser el hada madrin‚Ä¶ https://t.co/UF2HgzgR6B,93,8,101
1282525089104302080,Bueno con ese incentivo Pinocho le empieza a echar bolas a la vida y se convierte en el mejor de su clase. Un d√≠a e‚Ä¶ https://t.co/gpT1gHERiq,100,8,108
1282526029731553282,Cuando Pinocho va a invitar a sus amigos a la fiesta uno de ellos le dice que no puede ir porque va a ir a juguetel‚Ä¶ https://t.co/lFSXC6PnR8,128,8,136
1282527514607353857,"A los cinco meses de no hacer un co√±o, Pinocho contrajo Burrovirus y despert√≥ convertido en un burro. Lo vendieron‚Ä¶ https://t.co/pd709UvnL6",91,7,98
1282528654925402117,"El carajo del tambor lanz√≥ al pobre burrito al mar para que se ahogara üò≠, y cuando estaba sacando lo que el esperab‚Ä¶ https://t.co/tnQccqkxjO",87,7,94
1282529586291539969,"Afortunadamente el carajo del tambor no ten√≠a ning√∫n inter√©s en un ni√±o de madera as√≠ que lo dej√≥ en paz. Mientras,‚Ä¶ https://t.co/UnhkCDwvPG",107,7,114
1282530362539880448,Dentro de la Ballena Pinocho se reencontr√≥ con Geppetto que a todas estas ten√≠a meses viviendo dentro de la ballena‚Ä¶ https://t.co/iqPpjfzT2k,123,7,130
1282532648334893056,"Despu√©s de haber sido un malandro toda su vida Pinocho no se meti√≥ a evang√©lico pero sigui√≥ yendo al colegio, cuida‚Ä¶ https://t.co/6MPerXTvqf",125,7,132
1282532665124687872,"As√≠ termina la historia de Pinocho, cuya pel√≠cula no vi m√°s nunca porque los ni√±os fumando y siendo burros me dan m‚Ä¶ https://t.co/KJQoBwM4UV",460,18,478
